237,6
237,5
237,4
237,3
237,2
237,1
237,0
236,4
236,3
236,2
236,1
236,0
235,5
235,4
235,3
235,2
235,1
235,0
2,64
2,34
2,33
2,32
2,31
2,30
2,28
2,27
2,26
2,25
2,23
2,21
0,511
0,507
0,503
0,502
0,501
0,500
0,493
0,488
0,487
0,486
0,485
0,484
0,483
0,479
0,478
0,477
0,476
0,473
0,472
2,66
0,471
0,470
0,469
0,468
0,467
0,466
2,29
0,465
0,464
0,463
0,462
0,460
0,459
0,458
2,35
0,457
2,19
2,12
2,16
2,11
2,10
2,7
2,18
2,15
2,8
2,6
2,24
2,5
2,65
2,67
1,4
2,22
283,8
1,5
2,4
2,17
1,3
2,20
2,3
283,3
0,455
0,456
0,9
0,331
0,359
0,361
0,306
0,499
0,339
0,492
0,310
0,305
0,490
0,461
0,438
0,451
0,437
0,308
0,304
0,303
0,302
0,307
0,449
0,12
0,454
0,10
0,450
0,8
0,489
0,300
0,387
0,299
0,447
0,298
0,436
0,297
0,446
0,296
0,434
0,295
0,480
0,294
0,432
0,293
0,328
0,292
0,441
0,291
0,445
0,290
0,428
0,289
0,368
0,288
0,426
0,287
0,504
0,286
0,424
0,285
0,326
0,284
0,422
0,283
0,399
0,282
0,420
0,281
0,358
0,280
0,384
0,279
0,324
0,278
0,408
0,277
0,433
0,276
0,419
0,275
0,440
0,274
0,382
237,7
237,8
238,0
238,1
238,3
238,4
238,6
239,1
239,2
239,4
240,0
240,2
240,4
241,0
241,2
241,3
242,1
242,2
243,0
243,2
243,3
244,0
244,1
244,3
245,1
245,2
245,4
245,5
246,1
246,2
246,4
247,0
247,1
247,3
247,4
248,1
248,3
248,4
249,0
249,1
249,3
249,4
250,0
250,2
250,3
250,5
250,6
250,8
250,10
250,11
251,1
251,2
251,4
251,6
252,0
252,2
252,3
253,1
253,2
254,0
254,2
254,3
255,0
255,1
255,3
256,1
256,2
257,0
257,1
257,3
257,4
257,6
257,8
257,9
257,11
257,12
258,0
258,2
258,3
259,0
259,1
259,3
259,4
260,0
260,2
260,3
260,5
260,6
260,8
261,0
261,1
261,3
262,0
262,2
262,4
262,5
263,1
263,2
264,0
264,1
264,3
265,1
265,2
266,0
266,1
266,3
267,1
267,2
268,0
268,1
268,3
269,0
269,2
270,0
270,1
270,3
270,4
270,6
270,8
270,9
271,1
271,2
271,4
271,5
272,1
272,3
272,4
273,0
273,1
273,3
273,5
274,0
274,2
274,3
275,1
275,2
276,0
276,2
276,3
277,0
277,1
277,3
278,0
278,1
278,3
278,4
279,1
279,3
280,0
280,2
280,3
281,0
281,1
281,3
282,1
282,2
282,4
283,0
283,2
283,5
283,6
283,9
283,10
283,12
283,13
284,0
284,2
284,3
284,5
284,6
285,1
285,3
286,0
286,2
286,3
287,1
287,2
287,4
287,6
288,0
288,2
288,3
289,1
289,3
289,4
289,6
289,7
290,1
290,3
291,0
291,2
291,3
292,1
292,2
292,4
293,1
293,2
293,4
293,5
294,1
294,3
295,0
295,2
295,3
296,0
296,1
296,3
297,0
297,1
297,3
298,0
298,2
298,4
299,0
299,2
299,3
299,5
299,6
299,8
300,0
300,1
300,3
300,4
301,0
301,2
301,3
301,5
302,0
302,2
302,3
303,0
303,2
303,3
304,1
304,2
304,4
304,6
304,7
304,9
305,0
305,2
305,4
305,5
306,1
306,2
306,4
307,0
307,2
308,0
308,1
308,3
309,0
309,2
310,0
310,1
310,3
310,4
310,6
310,7
311,1
311,3
311,4
311,6
312,0
312,2
313,0
313,1
313,3
313,4
2,2
314,1
314,3
315,1
315,2
315,3
315,4
316,1
316,3
316,4
317,0
317,1
317,3
318,0
318,1
318,3
318,4
319,1
319,2
320,0
320,2
320,3
321,1
321,2
321,4
322,1
322,2
323,0
323,1
323,3
324,0
324,2
324,4
325,0
325,2
325,3
326,0
326,2
326,3
326,5
326,6
327,1
327,2
327,4
327,6
327,7
327,9
327,10
327,12
328,1
328,2
328,4
329,0
329,2
329,4
329,5
330,0
330,1
330,3
330,4
331,0
331,2
331,3
331,5
331,6
332,1
332,3
332,4
333,1
333,2
333,4
333,5
335,1
335,3
3,3
3,2
336,1
3,4
3,5
337,0
337,1
337,2
337,4
337,5
338,1
338,3
338,4
338,6
339,0
339,2
339,4
340,0
340,2
340,3
341,1
341,2
342,0
342,2
342,3
343,0
343,1
343,3
344,1
344,2
344,4
344,5
344,7
345,1
345,2
346,0
346,1
346,3
346,4
347,1
347,3
347,4
348,0
348,1
348,3
348,5
349,0
349,2
349,3
350,1
350,2
351,0
351,2
351,3
352,1
352,2
352,4
353,1
353,2
354,0
354,1
354,3
355,0
355,2
355,4
356,0
356,2
356,3
357,0
357,2
357,3
358,1
358,2
358,4
358,6
359,0
359,2
359,3
359,5
360,0
360,2
360,4
360,5
360,7
360,8
361,1
361,3
361,4
362,0
362,1
362,3
362,4
362,6
363,1
363,2
363,4
364,0
364,2
364,4
364,5
365,1
365,2
365,4
366,0
366,2
367,0
367,1
367,3
368,0
368,2
368,4
369,0
369,2
369,3
369,5
370,0
370,2
371,0
371,1
371,3
372,0
372,2
373,0
373,1
373,3
373,4
374,0
374,2
374,3
375,1
375,2
375,4
375,5
376,1
376,3
376,4
377,1
377,2
378,0
378,2
378,3
378,5
378,6
378,8
378,9
378,11
378,13
378,14
378,16
379,0
379,2
379,4
380,0
380,2
380,3
380,5
381,0
381,2
381,4
382,0
382,2
382,3
383,1
383,3
383,4
383,6
383,7
383,9
384,1
384,2
385,0
385,1
385,3
385,4
385,6
385,8
386,0
386,2
386,3
387,0
387,2
387,3
388,0
388,1
388,3
388,4
389,1
389,3
390,0
390,2
390,3
391,1
391,3
392,0
392,2
392,3
393,1
393,2
393,4
394,0
394,1
394,3
394,4
395,1
395,3
395,4
395,6
396,0
396,2
396,3
396,5
397,1
397,2
397,4
397,5
398,1
398,3
399,0
399,2
399,3
400,1
400,3
401,0
401,2
401,3
402,1
402,2
402,4
403,1
403,2
403,4
404,0
404,2
405,0
405,1
405,3
406,0
406,2
406,3
407,1
407,3
408,0
408,2
408,3
409,0
409,2
409,3
410,1
410,2
410,4
411,0
411,2
412,0
412,1
412,3
412,4
412,6
413,1
413,2
413,4
414,0
414,2
414,4
415,0
415,2
415,3
416,1
416,2
416,4
416,6
417,0
417,2
417,3
417,5
418,0
418,1
418,3
419,0
419,2
419,3
420,1
420,3
420,4
420,6
420,7
420,9
420,11
420,12
421,0
421,1
421,3
421,4
422,1
422,3
422,4
423,1
423,2
423,4
424,1
424,2
425,0
425,1
425,3
425,5
425,6
426,1
426,2
426,4
426,5
427,0
427,2
427,3
427,5
427,6
427,8
428,1
428,2
428,4
428,5
429,1
429,2
430,0
430,2
430,3
431,1
431,2
432,0
432,2
432,3
433,1
433,2
433,4
434,0
434,2
435,0
435,1
435,3
436,0
436,2
436,4
437,0
437,2
437,3
437,5
437,6
438,1
438,3
438,4
438,6
439,0
439,2
439,4
439,5
440,0
440,1
440,3
440,5
441,0
441,2
441,3
442,1
442,2
443,0
443,2
443,3
444,1
444,2
444,4
445,0
445,1
445,3
445,4
446,1
446,2
446,4
447,0
447,1
447,3
447,4
448,1
448,3
449,0
449,2
449,3
450,1
450,2
450,4
450,6
451,0
451,2
451,3
452,1
452,3
452,4
453,1
453,2
453,4
454,0
454,1
454,3
454,4
455,0
455,1
455,3
456,1
456,2
456,4
456,5
457,1
457,3
457,4
458,1
458,2
458,4
458,5
459,1
459,3
460,0
460,2
460,3
461,0
461,2
461,3
462,0
462,1
462,3
462,4
462,6
463,0
463,1
463,3
464,0
464,2
464,4
465,0
465,2
465,3
466,1
466,2
467,0
467,2
467,3
468,1
468,2
469,0
469,2
469,3
486,1
486,2
487,0
487,2
487,3
488,1
488,2
489,0
489,1
489,3
490,1
490,2
491,0
491,1
491,3
492,1
492,2
492,4
493,0
493,2
493,3
494,0
494,2
494,3
495,0
495,1
495,3
496,1
496,2
497,0
497,1
497,3
498,0
498,2
499,0
499,1
499,3
500,0
500,2
501,0
501,1
501,3
502,0
502,2
503,0
503,1
503,3
504,0
504,2
504,3
505,1
505,3
506,0
506,2
506,3
507,1
507,3
508,0
508,2
508,3
509,1
509,2
510,0
510,2
510,3
512,0
512,1
512,3
514,1
514,2
514,4
517,0
517,2
517,3
518,1
518,3
518,4
520,0
520,1
520,3
521,1
521,2
522,0
522,1
522,3
523,0
523,2
524,0
524,1
524,3
525,0
525,2
527,0
527,1
527,3
527,4
527,6
528,1
528,2
528,4
2,9
2,14
0,380
0,0
0,322
0,410
2,13
528,3
528,0
527,5
527,2
525,3
525,1
524,2
523,3
523,1
522,2
521,3
521,0
520,2
518,5
518,2
518,0
517,1
514,3
514,0
512,2
510,4
510,1
509,3
509,0
508,1
507,2
507,0
506,1
505,2
505,0
504,1
503,2
502,3
502,1
501,2
500,3
500,1
499,2
498,3
498,1
497,2
496,3
496,0
495,2
494,4
494,1
493,4
493,1
492,3
492,0
491,2
490,3
490,0
489,2
488,3
488,0
487,1
486,3
486,0
469,1
468,3
468,0
467,1
466,3
466,0
465,1
464,3
464,1
463,2
462,7
462,5
462,2
461,4
461,1
460,4
460,1
459,2
459,0
458,3
458,0
457,2
457,0
456,3
456,0
455,2
454,5
454,2
453,5
453,3
453,0
452,2
452,0
451,1
450,5
450,3
450,0
449,1
448,2
448,0
447,2
446,5
446,3
446,0
445,2
444,5
444,3
444,0
443,1
442,3
442,0
441,1
440,4
440,2
439,6
439,3
439,1
438,5
438,2
438,0
437,4
437,1
436,3
436,1
435,2
434,3
434,1
433,3
433,0
432,1
431,3
431,0
430,1
429,3
429,0
428,3
428,0
427,7
427,4
427,1
426,6
426,3
426,0
425,4
425,2
424,3
424,0
423,3
423,0
422,2
422,0
421,2
420,13
420,10
420,8
420,5
420,2
420,0
419,1
418,2
417,6
417,4
417,1
416,5
416,3
416,0
415,1
414,3
414,1
413,3
413,0
412,5
412,2
411,3
411,1
410,3
410,0
409,1
408,4
408,1
407,2
407,0
406,1
405,2
404,3
404,1
403,3
403,0
402,3
402,0
401,1
400,2
400,0
399,1
398,2
398,0
397,3
397,0
396,4
396,1
395,5
395,2
395,0
394,2
393,5
393,3
393,0
392,1
391,2
391,0
390,1
389,2
389,0
388,2
387,4
387,1
386,4
386,1
385,7
385,5
385,2
384,3
384,0
383,8
383,5
383,2
383,0
382,1
381,3
381,1
380,4
380,1
379,3
379,1
378,15
378,12
378,10
378,7
378,4
378,1
377,3
377,0
376,2
376,0
375,3
375,0
374,1
373,5
373,2
372,3
372,1
371,2
370,3
370,1
369,4
369,1
368,3
368,1
367,2
366,3
366,1
365,3
365,0
364,3
364,1
363,3
363,0
362,5
362,2
361,5
361,2
361,0
360,6
360,3
360,1
359,4
359,1
358,5
358,3
358,0
357,1
356,4
356,1
355,3
355,1
354,2
353,3
353,0
352,3
352,0
351,1
350,3
350,0
349,1
348,4
348,2
347,5
347,2
347,0
346,2
345,3
345,0
344,6
344,3
344,0
343,2
342,4
342,1
341,3
341,0
340,1
339,3
339,1
338,5
338,2
338,0
337,3
3,6
336,3
336,2
336,0
335,2
335,0
333,3
333,0
332,2
332,0
331,4
331,1
330,5
330,2
329,6
329,3
329,1
328,3
328,0
327,11
327,8
327,5
327,3
327,0
326,4
326,1
325,4
325,1
324,3
324,1
323,2
322,3
322,0
321,3
321,0
320,1
319,3
319,0
318,2
317,4
317,2
316,5
316,2
316,0
1,2
315,0
314,2
314,0
313,2
312,3
312,1
311,5
311,2
311,0
310,5
310,2
309,3
309,1
308,2
307,3
307,1
306,3
306,0
305,3
305,1
304,8
304,5
304,3
304,0
303,1
302,4
302,1
301,4
301,1
300,5
300,2
299,9
299,7
299,4
299,1
298,3
298,1
297,2
296,4
296,2
295,4
295,1
294,2
294,0
293,3
293,0
292,3
292,0
291,1
290,2
290,0
289,5
289,2
289,0
288,1
287,5
287,3
287,0
286,1
285,2
285,0
284,4
284,1
283,14
283,11
283,7
283,4
283,1
282,3
282,0
281,2
280,4
280,1
279,2
279,0
278,2
277,4
277,2
276,4
276,1
275,3
275,0
274,1
273,4
273,2
4,3
272,2
272,0
271,3
271,0
270,7
270,5
270,2
269,3
269,1
268,2
267,3
267,0
266,2
265,3
265,0
264,2
263,3
263,0
262,3
262,1
261,2
260,9
260,7
260,4
260,1
259,5
259,2
258,4
258,1
257,13
257,10
257,7
257,5
257,2
256,3
256,0
255,2
254,4
254,1
253,3
253,0
252,1
251,5
251,3
251,0
250,9
250,7
250,4
250,1
249,5
249,2
248,5
248,2
248,0
247,2
246,5
246,3
246,0
245,3
245,0
244,2
243,4
243,1
242,3
242,0
241,1
240,3
240,1
239,3
239,0
238,5
238,2
237,9
0,273
0,321
0,272
0,416
0,271
0,398
0,270
0,431
0,269
0,412
0,268
0,439
0,267
0,366
0,266
0,388
0,265
0,348
0,264
0,411
0,263
0,315
0,262
0,429
0,261
0,401
0,260
0,395
0,259
0,425
0,258
0,435
0,257
0,427
0,256
0,391
0,255
0,510
0,254
0,397
0,253
0,509
0,252
0,415
0,251
0,396
0,250
0,385
0,249
0,356
0,248
0,383
0,247
0,346
0,246
0,381
0,245
0,314
0,244
0,379
0,242
0,354
0,241
0,313
0,240
0,340
0,239
0,423
0,238
0,360
0,237
0,373
0,236
0,311
0,235
0,371
0,234
0,403
0,233
0,369
0,232
0,414
0,231
0,394
0,230
0,475
0,229
0,365
0,228
0,392
0,227
0,430
0,226
0,508
0,225
0,406
0,224
0,452
0,223
0,405
0,222
0,482
0,221
0,357
0,220
0,364
0,219
0,404
0,218
0,352
0,217
0,390
0,216
0,338
0,215
0,393
0,214
0,418
0,213
0,444
0,212
0,474
0,211
0,407
0,210
0,362
0,209
0,402
0,208
0,498
0,207
0,343
0,206
0,350
0,205
0,413
0,204
0,370
0,203
0,400
0,202
0,497
0,201
0,337
0,200
0,389
0,199
0,335
0,198
0,342
0,197
0,421
0,196
0,496
0,195
0,301
0,194
0,336
0,193
0,329
0,192
0,495
0,63
0,327
0,62
0,494
0,61
0,325
0,60
0,334
0,59
0,323
0,58
0,332
0,57
0,443
0,56
0,386
0,55
0,318
0,54
0,506
0,53
0,417
0,52
0,481
0,51
0,409
0,50
0,491
0,49
0,312
0,48
0,330
0,47
0,309
0,46
0,505
0,45
0,442
0,6
0,5
0,453
0,11
0,4
0,2
0,3
0,7
